============================================================
OOD Generalization Test — 26 volumes
Checkpoint: ./runs_final/fold0/checkpoints/best.pth
============================================================
Volume                   Dice      IoU     Prec      Rec
------------------------------------------------------------
mv01                   0.9426   0.8923   0.9522   0.9358
mv03                   0.9202   0.8523   0.9346   0.9071
mv05                   0.8832   0.7919   0.8172   0.9622
mv06                   0.7337   0.5827   0.5857   0.9923
mv07                   0.8762   0.7808   0.8988   0.8615
mv08                   0.7436   0.6007   0.6159   0.9759
mv09                   0.7155   0.5600   0.7757   0.6652
mv10                   0.8685   0.7694   0.8207   0.9244
mv11                   0.8555   0.7517   0.8078   0.9278
mv13                   0.8532   0.7459   0.7758   0.9545
mv14                   0.8015   0.6724   0.6898   0.9661
mv15                   0.8664   0.7659   0.8119   0.9370
mv16                   0.7198   0.5706   0.5830   0.9754
mv17                   0.8392   0.7242   0.7512   0.9545
mv18                   0.7574   0.6106   0.6216   0.9765
mv19                   0.9091   0.8339   0.9351   0.8861
mv20                   0.8809   0.7908   0.8773   0.8989
mv24                   0.8651   0.7664   0.9528   0.7994
mv25                   0.7980   0.6684   0.9304   0.7019
mv26                   0.8752   0.7834   0.8305   0.9362
mv27                   0.8866   0.8000   0.8293   0.9615
mv28                   0.9039   0.8259   0.8725   0.9440
mv29                   0.8717   0.7774   0.8294   0.9229
mv30                   0.8783   0.7841   0.8232   0.9463
mv31                   0.8456   0.7381   0.7974   0.9138
mv32                   0.8640   0.7619   0.8135   0.9244
============================================================
MEAN                   0.8428   0.7362   0.8117   0.9029
HD95 (mean): 23.38
============================================================